Iteración 1
Abiertos = (1,1)
Cerrados = 

Iteración 2
Abiertos = (1,2), (2,1), (0,1), (1,0)
Cerrados = (1,1)

Iteración 3
Abiertos = (2,1), (0,1), (1,0), (1,3), (2,2), (0,2)
Cerrados = (1,1), (1,2)

Iteración 4
Abiertos = (0,1), (1,0), (1,3), (2,2), (2,2), (3,1), (0,2), (2,0)
Cerrados = (1,1), (1,2), (2,1)

Iteración 5
Abiertos = (0,2), (1,0), (1,3), (2,2), (2,2), (3,1), (0,2), (2,0), (0,0)
Cerrados = (0,1), (1,1), (1,2), (2,1)

Iteración 6
Abiertos = (1,0), (1,3), (2,2), (2,2), (3,1), (0,3), (0,2), (2,0), (0,0)
Cerrados = (0,1), (0,2), (1,1), (1,2), (2,1)

Iteración 7
Abiertos = (2,0), (1,3), (2,2), (2,2), (3,1), (0,3), (0,2), (2,0), (0,0), (0,0)
Cerrados = (0,1), (0,2), (1,0), (1,1), (1,2), (2,1)

Iteración 8
Abiertos = (3,0), (1,3), (2,2), (2,2), (3,1), (0,3), (0,2), (2,0), (0,0), (0,0)
Cerrados = (0,1), (0,2), (1,0), (1,1), (1,2), (2,0), (2,1)

Iteración 9
Abiertos = (4,0), (1,3), (2,2), (2,2), (3,1), (3,1), (0,3), (0,2), (2,0), (0,0), (0,0)
Cerrados = (0,1), (0,2), (1,0), (1,1), (1,2), (2,0), (2,1), (3,0)

Iteración 10
Abiertos = (5,0), (1,3), (2,2), (2,2), (3,1), (4,1), (3,1), (0,3), (0,2), (2,0), (0,0), (0,0)
Cerrados = (0,1), (0,2), (1,0), (1,1), (1,2), (2,0), (2,1), (3,0), (4,0)

Iteración 11
Abiertos = (6,0), (1,3), (2,2), (2,2), (3,1), (5,1), (4,1), (3,1), (0,3), (0,2), (2,0), (0,0), (0,0)
Cerrados = (0,1), (0,2), (1,0), (1,1), (1,2), (2,0), (2,1), (3,0), (4,0), (5,0)

Iteración 12
Abiertos = (7,0), (1,3), (2,2), (2,2), (3,1), (6,1), (5,1), (4,1), (3,1), (0,3), (0,2), (2,0), (0,0), (0,0)
Cerrados = (0,1), (0,2), (1,0), (1,1), (1,2), (2,0), (2,1), (3,0), (4,0), (5,0), (6,0)

Iteración 13
Abiertos = (8,0), (1,3), (2,2), (2,2), (3,1), (7,1), (6,1), (5,1), (4,1), (3,1), (0,3), (0,2), (2,0), (0,0), (0,0)
Cerrados = (0,1), (0,2), (1,0), (1,1), (1,2), (2,0), (2,1), (3,0), (4,0), (5,0), (6,0), (7,0)

Iteración 14
Abiertos = (8,1), (1,3), (2,2), (2,2), (3,1), (7,1), (6,1), (5,1), (4,1), (3,1), (0,3), (0,2), (2,0), (9,0), (0,0), (0,0)
Cerrados = (0,1), (0,2), (1,0), (1,1), (1,2), (2,0), (2,1), (3,0), (4,0), (5,0), (6,0), (7,0), (8,0)

Iteración 15
Abiertos = (8,2), (1,3), (2,2), (2,2), (3,1), (7,1), (6,1), (5,1), (4,1), (3,1), (0,3), (0,2), (2,0), (9,1), (9,0), (0,0), (0,0), (7,1)
Cerrados = (0,1), (0,2), (1,0), (1,1), (1,2), (2,0), (2,1), (3,0), (4,0), (5,0), (6,0), (7,0), (8,0), (8,1)

Iteración 16
Abiertos = (1,3), (2,2), (2,2), (3,1), (8,3), (7,1), (6,1), (5,1), (4,1), (3,1), (0,3), (0,2), (2,0), (7,2), (9,2), (9,1), (9,0), (0,0), (0,0), (7,1)
Cerrados = (0,1), (0,2), (1,0), (1,1), (1,2), (2,0), (2,1), (3,0), (4,0), (5,0), (6,0), (7,0), (8,0), (8,1), (8,2)

Iteración 17
Abiertos = (2,2), (2,2), (3,1), (8,3), (7,1), (6,1), (5,1), (4,1), (3,1), (0,3), (0,2), (2,0), (7,2), (9,2), (9,1), (9,0), (0,0), (0,0), (1,4), (2,3), (7,1), (0,3)
Cerrados = (0,1), (0,2), (1,0), (1,1), (1,2), (1,3), (2,0), (2,1), (3,0), (4,0), (5,0), (6,0), (7,0), (8,0), (8,1), (8,2)

Iteración 18
Abiertos = (2,2), (3,1), (8,3), (7,1), (6,1), (5,1), (4,1), (3,1), (0,3), (0,2), (2,0), (7,2), (9,2), (9,1), (9,0), (0,0), (0,0), (1,4), (2,3), (2,3), (3,2), (7,1), (0,3)
Cerrados = (0,1), (0,2), (1,0), (1,1), (1,2), (1,3), (2,0), (2,1), (2,2), (3,0), (4,0), (5,0), (6,0), (7,0), (8,0), (8,1), (8,2)

Iteración 19
Abiertos = (3,1), (8,3), (7,1), (6,1), (5,1), (4,1), (3,1), (0,3), (0,2), (2,0), (7,2), (9,2), (9,1), (9,0), (0,0), (0,0), (1,4), (2,3), (2,3), (3,2), (7,1), (0,3)
Cerrados = (0,1), (0,2), (1,0), (1,1), (1,2), (1,3), (2,0), (2,1), (2,2), (3,0), (4,0), (5,0), (6,0), (7,0), (8,0), (8,1), (8,2)

Iteración 20
Abiertos = (8,3), (7,1), (6,1), (5,1), (4,1), (3,1), (0,3), (0,2), (2,0), (7,2), (9,2), (9,1), (9,0), (0,0), (0,0), (1,4), (2,3), (2,3), (3,2), (3,2), (4,1), (7,1), (0,3)
Cerrados = (0,1), (0,2), (1,0), (1,1), (1,2), (1,3), (2,0), (2,1), (2,2), (3,0), (3,1), (4,0), (5,0), (6,0), (7,0), (8,0), (8,1), (8,2)

Iteración 21
Abiertos = (7,1), (6,1), (5,1), (4,1), (3,1), (0,3), (0,2), (2,0), (7,2), (9,2), (9,1), (9,0), (0,0), (0,0), (1,4), (2,3), (2,3), (3,2), (3,2), (4,1), (8,4), (9,3), (7,1), (0,3), (7,3)
Cerrados = (0,1), (0,2), (1,0), (1,1), (1,2), (1,3), (2,0), (2,1), (2,2), (3,0), (3,1), (4,0), (5,0), (6,0), (7,0), (8,0), (8,1), (8,2), (8,3)

Iteración 22
Abiertos = (7,2), (6,1), (5,1), (4,1), (3,1), (0,3), (0,2), (2,0), (7,2), (9,2), (9,1), (9,0), (0,0), (0,0), (1,4), (2,3), (2,3), (3,2), (3,2), (4,1), (8,4), (9,3), (7,1), (0,3), (7,3), (6,1)
Cerrados = (0,1), (0,2), (1,0), (1,1), (1,2), (1,3), (2,0), (2,1), (2,2), (3,0), (3,1), (4,0), (5,0), (6,0), (7,0), (7,1), (8,0), (8,1), (8,2), (8,3)

Iteración 23
Abiertos = (6,1), (5,1), (4,1), (3,1), (0,3), (0,2), (2,0), (7,2), (9,2), (9,1), (9,0), (0,0), (0,0), (1,4), (2,3), (2,3), (3,2), (3,2), (4,1), (8,4), (7,3), (9,3), (6,2), (7,1), (0,3), (7,3), (6,1)
Cerrados = (0,1), (0,2), (1,0), (1,1), (1,2), (1,3), (2,0), (2,1), (2,2), (3,0), (3,1), (4,0), (5,0), (6,0), (7,0), (7,1), (7,2), (8,0), (8,1), (8,2), (8,3)

Iteración 24
Abiertos = (6,2), (5,1), (4,1), (3,1), (0,3), (0,2), (2,0), (7,2), (9,2), (9,1), (9,0), (0,0), (0,0), (1,4), (2,3), (2,3), (3,2), (3,2), (4,1), (8,4), (7,3), (9,3), (6,2), (7,1), (0,3), (7,3), (6,1), (5,1)
Cerrados = (0,1), (0,2), (1,0), (1,1), (1,2), (1,3), (2,0), (2,1), (2,2), (3,0), (3,1), (4,0), (5,0), (6,0), (6,1), (7,0), (7,1), (7,2), (8,0), (8,1), (8,2), (8,3)

Iteración 25
Abiertos = (5,1), (4,1), (3,1), (0,3), (0,2), (2,0), (7,2), (9,2), (9,1), (9,0), (0,0), (0,0), (1,4), (2,3), (2,3), (3,2), (3,2), (4,1), (8,4), (7,3), (9,3), (6,2), (7,1), (5,2), (0,3), (7,3), (6,1), (5,1)
Cerrados = (0,1), (0,2), (1,0), (1,1), (1,2), (1,3), (2,0), (2,1), (2,2), (3,0), (3,1), (4,0), (5,0), (6,0), (6,1), (6,2), (7,0), (7,1), (7,2), (8,0), (8,1), (8,2), (8,3)

Iteración 26
Abiertos = (5,2), (4,1), (3,1), (0,3), (0,2), (2,0), (7,2), (9,2), (9,1), (9,0), (0,0), (0,0), (1,4), (2,3), (2,3), (3,2), (3,2), (4,1), (8,4), (7,3), (9,3), (6,2), (7,1), (5,2), (0,3), (7,3), (6,1), (5,1), (4,1)
Cerrados = (0,1), (0,2), (1,0), (1,1), (1,2), (1,3), (2,0), (2,1), (2,2), (3,0), (3,1), (4,0), (5,0), (5,1), (6,0), (6,1), (6,2), (7,0), (7,1), (7,2), (8,0), (8,1), (8,2), (8,3)

Iteración 27
Abiertos = (4,1), (3,1), (0,3), (0,2), (2,0), (7,2), (9,2), (9,1), (9,0), (0,0), (0,0), (1,4), (2,3), (2,3), (3,2), (3,2), (4,1), (8,4), (7,3), (9,3), (6,2), (7,1), (5,2), (4,2), (0,3), (7,3), (6,1), (5,1), (4,1)
Cerrados = (0,1), (0,2), (1,0), (1,1), (1,2), (1,3), (2,0), (2,1), (2,2), (3,0), (3,1), (4,0), (5,0), (5,1), (5,2), (6,0), (6,1), (6,2), (7,0), (7,1), (7,2), (8,0), (8,1), (8,2), (8,3)

Iteración 28
Abiertos = (4,2), (3,1), (0,3), (0,2), (2,0), (7,2), (9,2), (9,1), (9,0), (0,0), (0,0), (1,4), (2,3), (2,3), (3,2), (3,2), (4,1), (8,4), (7,3), (9,3), (6,2), (7,1), (5,2), (4,2), (0,3), (7,3), (6,1), (5,1), (4,1)
Cerrados = (0,1), (0,2), (1,0), (1,1), (1,2), (1,3), (2,0), (2,1), (2,2), (3,0), (3,1), (4,0), (4,1), (5,0), (5,1), (5,2), (6,0), (6,1), (6,2), (7,0), (7,1), (7,2), (8,0), (8,1), (8,2), (8,3)

Iteración 29
Abiertos = (3,1), (0,3), (0,2), (2,0), (7,2), (9,2), (9,1), (9,0), (0,0), (0,0), (1,4), (2,3), (2,3), (3,2), (3,2), (4,1), (8,4), (7,3), (9,3), (6,2), (7,1), (5,2), (4,2), (0,3), (7,3), (6,1), (5,1), (3,2), (4,1)
Cerrados = (0,1), (0,2), (1,0), (1,1), (1,2), (1,3), (2,0), (2,1), (2,2), (3,0), (3,1), (4,0), (4,1), (4,2), (5,0), (5,1), (5,2), (6,0), (6,1), (6,2), (7,0), (7,1), (7,2), (8,0), (8,1), (8,2), (8,3)

Iteración 30
Abiertos = (0,3), (0,2), (2,0), (7,2), (9,2), (9,1), (9,0), (0,0), (0,0), (1,4), (2,3), (2,3), (3,2), (3,2), (4,1), (8,4), (7,3), (9,3), (6,2), (7,1), (5,2), (4,2), (0,3), (7,3), (6,1), (5,1), (3,2), (4,1)
Cerrados = (0,1), (0,2), (1,0), (1,1), (1,2), (1,3), (2,0), (2,1), (2,2), (3,0), (3,1), (4,0), (4,1), (4,2), (5,0), (5,1), (5,2), (6,0), (6,1), (6,2), (7,0), (7,1), (7,2), (8,0), (8,1), (8,2), (8,3)

Iteración 31
Abiertos = (0,2), (2,0), (7,2), (9,2), (9,1), (9,0), (0,0), (0,0), (1,4), (2,3), (2,3), (3,2), (3,2), (4,1), (8,4), (7,3), (0,4), (9,3), (6,2), (7,1), (5,2), (4,2), (0,3), (7,3), (6,1), (5,1), (3,2), (4,1)
Cerrados = (0,1), (0,2), (0,3), (1,0), (1,1), (1,2), (1,3), (2,0), (2,1), (2,2), (3,0), (3,1), (4,0), (4,1), (4,2), (5,0), (5,1), (5,2), (6,0), (6,1), (6,2), (7,0), (7,1), (7,2), (8,0), (8,1), (8,2), (8,3)

Iteración 32
Abiertos = (2,0), (7,2), (9,2), (9,1), (9,0), (0,0), (0,0), (1,4), (2,3), (2,3), (3,2), (3,2), (4,1), (8,4), (7,3), (0,4), (9,3), (6,2), (7,1), (5,2), (4,2), (0,3), (7,3), (6,1), (5,1), (3,2), (4,1)
Cerrados = (0,1), (0,2), (0,3), (1,0), (1,1), (1,2), (1,3), (2,0), (2,1), (2,2), (3,0), (3,1), (4,0), (4,1), (4,2), (5,0), (5,1), (5,2), (6,0), (6,1), (6,2), (7,0), (7,1), (7,2), (8,0), (8,1), (8,2), (8,3)

Iteración 33
Abiertos = (7,2), (9,2), (9,1), (9,0), (0,0), (0,0), (1,4), (2,3), (2,3), (3,2), (3,2), (4,1), (8,4), (7,3), (0,4), (9,3), (6,2), (7,1), (5,2), (4,2), (0,3), (7,3), (6,1), (5,1), (3,2), (4,1)
Cerrados = (0,1), (0,2), (0,3), (1,0), (1,1), (1,2), (1,3), (2,0), (2,1), (2,2), (3,0), (3,1), (4,0), (4,1), (4,2), (5,0), (5,1), (5,2), (6,0), (6,1), (6,2), (7,0), (7,1), (7,2), (8,0), (8,1), (8,2), (8,3)

Iteración 34
Abiertos = (9,2), (9,1), (9,0), (0,0), (0,0), (1,4), (2,3), (2,3), (3,2), (3,2), (4,1), (8,4), (7,3), (0,4), (9,3), (6,2), (7,1), (5,2), (4,2), (0,3), (7,3), (6,1), (5,1), (3,2), (4,1)
Cerrados = (0,1), (0,2), (0,3), (1,0), (1,1), (1,2), (1,3), (2,0), (2,1), (2,2), (3,0), (3,1), (4,0), (4,1), (4,2), (5,0), (5,1), (5,2), (6,0), (6,1), (6,2), (7,0), (7,1), (7,2), (8,0), (8,1), (8,2), (8,3)

Iteración 35
Abiertos = (9,3), (9,1), (9,0), (0,0), (0,0), (1,4), (2,3), (2,3), (3,2), (3,2), (4,1), (8,4), (7,3), (0,4), (9,3), (6,2), (7,1), (5,2), (4,2), (9,1), (0,3), (7,3), (6,1), (5,1), (3,2), (4,1)
Cerrados = (0,1), (0,2), (0,3), (1,0), (1,1), (1,2), (1,3), (2,0), (2,1), (2,2), (3,0), (3,1), (4,0), (4,1), (4,2), (5,0), (5,1), (5,2), (6,0), (6,1), (6,2), (7,0), (7,1), (7,2), (8,0), (8,1), (8,2), (8,3), (9,2)

Iteración 36
Abiertos = (9,4), (9,1), (9,0), (0,0), (0,0), (1,4), (2,3), (2,3), (3,2), (3,2), (4,1), (8,4), (7,3), (0,4), (9,3), (6,2), (7,1), (5,2), (4,2), (9,1), (0,3), (7,3), (6,1), (5,1), (3,2), (4,1)
Cerrados = (0,1), (0,2), (0,3), (1,0), (1,1), (1,2), (1,3), (2,0), (2,1), (2,2), (3,0), (3,1), (4,0), (4,1), (4,2), (5,0), (5,1), (5,2), (6,0), (6,1), (6,2), (7,0), (7,1), (7,2), (8,0), (8,1), (8,2), (8,3), (9,2), (9,3)

Iteración 37
Abiertos = (9,5), (9,1), (9,0), (0,0), (0,0), (1,4), (2,3), (2,3), (3,2), (3,2), (4,1), (8,4), (7,3), (0,4), (8,4), (9,3), (6,2), (7,1), (5,2), (4,2), (9,1), (0,3), (7,3), (6,1), (5,1), (3,2), (4,1)
Cerrados = (0,1), (0,2), (0,3), (1,0), (1,1), (1,2), (1,3), (2,0), (2,1), (2,2), (3,0), (3,1), (4,0), (4,1), (4,2), (5,0), (5,1), (5,2), (6,0), (6,1), (6,2), (7,0), (7,1), (7,2), (8,0), (8,1), (8,2), (8,3), (9,2), (9,3), (9,4)

Iteración 38
Abiertos = (9,6), (9,1), (9,0), (0,0), (0,0), (1,4), (2,3), (2,3), (3,2), (3,2), (4,1), (8,4), (7,3), (0,4), (8,5), (8,4), (9,3), (6,2), (7,1), (5,2), (4,2), (9,1), (0,3), (7,3), (6,1), (5,1), (3,2), (4,1)
Cerrados = (0,1), (0,2), (0,3), (1,0), (1,1), (1,2), (1,3), (2,0), (2,1), (2,2), (3,0), (3,1), (4,0), (4,1), (4,2), (5,0), (5,1), (5,2), (6,0), (6,1), (6,2), (7,0), (7,1), (7,2), (8,0), (8,1), (8,2), (8,3), (9,2), (9,3), (9,4), (9,5)

Iteración 39
Abiertos = (9,7), (9,1), (9,0), (0,0), (0,0), (1,4), (2,3), (2,3), (3,2), (3,2), (4,1), (8,4), (7,3), (0,4), (8,6), (8,5), (8,4), (9,3), (6,2), (7,1), (5,2), (4,2), (9,1), (0,3), (7,3), (6,1), (5,1), (3,2), (4,1)
Cerrados = (0,1), (0,2), (0,3), (1,0), (1,1), (1,2), (1,3), (2,0), (2,1), (2,2), (3,0), (3,1), (4,0), (4,1), (4,2), (5,0), (5,1), (5,2), (6,0), (6,1), (6,2), (7,0), (7,1), (7,2), (8,0), (8,1), (8,2), (8,3), (9,2), (9,3), (9,4), (9,5), (9,6)

Iteración 40
Abiertos = (9,8), (9,1), (9,0), (0,0), (0,0), (1,4), (2,3), (2,3), (3,2), (3,2), (4,1), (8,4), (7,3), (0,4), (8,7), (8,6), (8,5), (8,4), (9,3), (6,2), (7,1), (5,2), (4,2), (9,1), (0,3), (7,3), (6,1), (5,1), (3,2), (4,1)
Cerrados = (0,1), (0,2), (0,3), (1,0), (1,1), (1,2), (1,3), (2,0), (2,1), (2,2), (3,0), (3,1), (4,0), (4,1), (4,2), (5,0), (5,1), (5,2), (6,0), (6,1), (6,2), (7,0), (7,1), (7,2), (8,0), (8,1), (8,2), (8,3), (9,2), (9,3), (9,4), (9,5), (9,6), (9,7)

Iteración 41
Abiertos = (8,8), (9,9), (9,1), (9,0), (0,0), (0,0), (1,4), (2,3), (2,3), (3,2), (3,2), (4,1), (8,4), (7,3), (0,4), (8,7), (8,6), (8,5), (8,4), (9,3), (6,2), (7,1), (5,2), (4,2), (9,1), (0,3), (7,3), (6,1), (5,1), (3,2), (4,1)
Cerrados = (0,1), (0,2), (0,3), (1,0), (1,1), (1,2), (1,3), (2,0), (2,1), (2,2), (3,0), (3,1), (4,0), (4,1), (4,2), (5,0), (5,1), (5,2), (6,0), (6,1), (6,2), (7,0), (7,1), (7,2), (8,0), (8,1), (8,2), (8,3), (9,2), (9,3), (9,4), (9,5), (9,6), (9,7), (9,8)

Iteración 42
Abiertos = (8,9), (9,9), (9,1), (9,0), (0,0), (0,0), (1,4), (2,3), (2,3), (3,2), (3,2), (4,1), (8,4), (7,3), (0,4), (8,7), (8,6), (8,5), (8,4), (9,3), (6,2), (7,1), (5,2), (4,2), (9,1), (0,3), (7,3), (6,1), (5,1), (3,2), (4,1), (7,8), (8,7)
Cerrados = (0,1), (0,2), (0,3), (1,0), (1,1), (1,2), (1,3), (2,0), (2,1), (2,2), (3,0), (3,1), (4,0), (4,1), (4,2), (5,0), (5,1), (5,2), (6,0), (6,1), (6,2), (7,0), (7,1), (7,2), (8,0), (8,1), (8,2), (8,3), (8,8), (9,2), (9,3), (9,4), (9,5), (9,6), (9,7), (9,8)

Camino: (1,1) -> (1,0) -> (2,0) -> (3,0) -> (4,0) -> (5,0) -> (6,0) -> (7,0) -> (8,0) -> (8,1) -> (8,2) -> (9,2) -> (9,3) -> (9,4) -> (9,5) -> (9,6) -> (9,7) -> (9,8) -> (8,8) -> (8,9)
Coste: 38
