Iteración 1
Abiertos = (8,3)
Cerrados = 

Iteración 2
Abiertos = (7,3), (8,4), (8,2), (9,3)
Cerrados = (8,3)

Iteración 3
Abiertos = (6,3), (8,4), (7,2), (8,2), (9,3)
Cerrados = (7,3), (8,3)

Iteración 4
Abiertos = (5,3), (8,4), (6,2), (7,2), (8,2), (9,3)
Cerrados = (6,3), (7,3), (8,3)

Iteración 5
Abiertos = (4,3), (5,4), (8,4), (5,2), (6,2), (7,2), (8,2), (9,3)
Cerrados = (5,3), (6,3), (7,3), (8,3)

Iteración 6
Abiertos = (3,3), (4,4), (5,4), (8,4), (4,2), (5,2), (6,2), (7,2), (8,2), (9,3)
Cerrados = (4,3), (5,3), (6,3), (7,3), (8,3)

Iteración 7
Abiertos = (3,4), (4,4), (5,4), (8,4), (2,3), (3,2), (4,2), (5,2), (6,2), (7,2), (8,2), (9,3)
Cerrados = (3,3), (4,3), (5,3), (6,3), (7,3), (8,3)

Iteración 8
Abiertos = (3,5), (4,4), (5,4), (8,4), (2,4), (4,4), (2,3), (3,2), (4,2), (5,2), (6,2), (7,2), (8,2), (9,3)
Cerrados = (3,3), (3,4), (4,3), (5,3), (6,3), (7,3), (8,3)

Iteración 9
Abiertos = (3,6), (4,4), (5,4), (8,4), (2,5), (4,5), (2,4), (4,4), (2,3), (3,2), (4,2), (5,2), (6,2), (7,2), (8,2), (9,3)
Cerrados = (3,3), (3,4), (3,5), (4,3), (5,3), (6,3), (7,3), (8,3)

Iteración 10
Abiertos = (3,7), (4,4), (5,4), (8,4), (2,6), (4,6), (2,5), (4,5), (2,4), (4,4), (2,3), (3,2), (4,2), (5,2), (6,2), (7,2), (8,2), (9,3)
Cerrados = (3,3), (3,4), (3,5), (3,6), (4,3), (5,3), (6,3), (7,3), (8,3)

Iteración 11
Abiertos = (3,8), (4,4), (5,4), (8,4), (2,7), (4,7), (2,6), (4,6), (2,5), (4,5), (2,4), (4,4), (2,3), (3,2), (4,2), (5,2), (6,2), (7,2), (8,2), (9,3)
Cerrados = (3,3), (3,4), (3,5), (3,6), (3,7), (4,3), (5,3), (6,3), (7,3), (8,3)

Iteración 12
Abiertos = (3,9), (4,4), (5,4), (8,4), (2,8), (2,7), (4,7), (2,6), (4,6), (2,5), (4,5), (2,4), (4,4), (2,3), (3,2), (4,2), (5,2), (6,2), (7,2), (8,2), (9,3)
Cerrados = (3,3), (3,4), (3,5), (3,6), (3,7), (3,8), (4,3), (5,3), (6,3), (7,3), (8,3)

Camino: (8,3) -> (7,3) -> (6,3) -> (5,3) -> (4,3) -> (3,3) -> (3,4) -> (3,5) -> (3,6) -> (3,7) -> (3,8) -> (3,9)
Coste: 22
